1 1143 2498 7632 2374	1802
100 899 775 1132 185	487
101 539 1976 10488 6468	2662
102 699 887 1434 270	400
104 463 774 1907 259	520
106 206 781 2295 303	724
108 1190 1521 754 248	389
109 1568 5886 8519 2511	2067
11 1452 5187 5083 802	1687
110 1045 1569 953 137	454
112 1036 1574 1068 160	413
113 1117 3401 10203 4718	1858
114 1162 856 1005 132	586
117 555 2166 10167 5660	1910
12 1114 1441 670 71	384
121 734 5772 6690 5044	1735
123 688 5252 7125 5157	1438
124 830 1881 960 224	431
126 713 1660 1080 449	524
131 423 2263 10278 5245	1663
132 636 1184 1598 203	513
135 760 5392 6962 4492	1461
138 810 1804 1047 229	440
140 869 1564 1084 318	468
143 1481 4537 9389 3686	2332
146 1015 1369 1086 76	431
148 706 1366 1418 157	531
149 1197 6039 5789 4774	1218
15 1122 3054 6899 1888	1796
150 1327 1684 478 107	242
151 1300 5491 6082 4728	1172
152 1153 1697 668 183	312
154 1043 1776 805 234	372
157 1497 6581 9094 3237	2683
158 1247 1469 472 31	301
161 164 2255 11261 4832	2256
163 1320 6260 5964 4733	1428
168 1183 1550 725 222	326
169 4024 7929 7497 1767	3729
170 1757 882 222 5	369
171 2924 7295 8320 2096	2886
178 1440 1706 319 56	352
179 1353 6453 7157 3711	2630
180 1203 1681 551 65	296
183 13630 32971 55306 20030	35020
185 7914 26798 57664 25294	25797
186 7061 6878 5231 699	4515
188 5061 7188 7634 844	4182
19 527 2000 7661 2238	1669
191 7221 37056 38039 27289	29068
193 6760 33702 42304 25921	21859
195 5942 30376 41056 28933	16448
196 5899 9943 5465 1457	3770
199 285 911 4419 2321	1062
2 919 759 986 134	482
20 877 943 1349 150	429
201 97 595 4781 1987	1687
203 47 373 5042 2140	2067
205 586 2218 2554 1955	798
206 497 606 348 154	226
208 447 633 490 106	239
210 439 685 528 77	200
211 515 1526 4030 1965	667
212 489 439 582 99	332
213 363 1357 3848 2129	736
214 430 502 585 114	251
217 155 633 3384 3069	2187
218 314 387 776 204	369
22 685 857 1588 271	445
220 359 815 429 137	243
221 251 1820 2705 2517	702
222 326 750 446 169	224
223 229 1624 2600 2697	969
226 571 533 454 71	336
23 698 5170 4533 2041	1484
230 277 555 721 90	340
232 148 411 850 198	413
233 301 1902 2540 2138	798
234 396 741 398 129	150
236 326 740 463 126	222
239 1033 2473 3824 1233	1448
241 623 1847 3745 1566	1171
244 427 608 596 64	220
246 276 606 659 60	224
247 483 2322 2248 2082	924
248 499 714 246 83	184
249 415 1885 2244 2312	686
257 208 1595 4160 1821	1013
259 50 817 4375 2162	1042
26 954 1766 792 106	275
262 511 719 265 62	182
263 454 2029 2204 2473	737
264 424 680 291 113	181
265 487 1762 2058 2617	1018
267 1554 3325 3289 851	2252
268 781 516 169 9	553
27 613 4149 4786 2393	1498
274 272 660 562 31	274
276 576 758 242 42	289
284 2760 3220 2818 381	2252
287 639 5010 24831 13961	21821
289 2728 13876 14829 12447	18227
29 1735 4557 6129 1154	2311
291 2417 12091 16011 12642	15899
292 2464 4250 2329 656	2990
295 544 1589 8555 6002	993
296 512 560 1164 238	596
297 279 1062 8276 6869	1595
298 400 668 1439 328	585
300 245 535 1758 281	628
304 770 1301 692 297	433
305 914 4960 8704 2982	2030
306 668 1399 965 150	414
309 587 2058 8649 5408	1386
31 849 3620 6979 1562	1856
310 645 686 1043 183	453
312 608 792 1259 237	394
316 402 594 1654 447	650
319 374 3655 6821 6112	1393
321 354 3351 6569 6883	2103
324 723 879 854 100	543
325 360 1969 8633 5556	1514
327 205 1267 8516 6109	1210
329 102 940 7554 7593	2870
330 256 798 1766 431	464
332 554 1442 936 271	353
335 423 3131 6595 6813	2210
336 614 1330 1090 364	419
337 1162 3794 8609 3478	2050
338 934 893 533 57	533
340 700 897 907 96	545
342 547 928 1293 158	446
343 261 1345 8366 6279	1096
345 808 4374 5608 5915	1303
346 799 1586 637 151	332
347 690 4036 6096 5825	1259
348 762 1462 803 209	283
352 891 963 377 20	593
357 108 1283 9187 6073	1445
361 749 4319 5784 6217	1291
362 753 1495 709 183	264
364 806 1376 767 234	297
365 2338 5968 6926 2213	3162
370 659 1104 664 38	595
371 254 2507 10292 4324	1878
374 839 1502 418 79	523
375 783 4764 7075 4587	1666
378 642 1555 792 81	355
38 933 1711 714 128	329
382 3848 5345 5828 920	3417
384 2799 5317 7844 1081	3594
386 1622 5039 9741 1581	3100
387 4412 27505 36391 33322	21859
388 4358 8836 4094 1221	4255
389 3941 25276 41899 31487	18981
390 4010 8830 5139 1211	4278
391 3472 23099 41238 35452	24263
393 84 269 1761 1379	296
395 52 177 1802 1464	434
397 29 143 2113 1201	485
398 71 190 558 70	185
4 733 825 1213 224	435
40 869 1728 866 105	316
401 143 871 1294 1108	392
402 241 415 252 92	173
404 281 452 345 34	217
409 66 324 1818 1226	254
412 140 251 484 63	139
413 37 146 1565 1688	716
415 69 840 1407 1203	348
416 178 514 249 70	190
418 167 445 333 99	192
42 1049 1595 872 192	356
421 103 518 1965 1024	475
423 37 319 1983 1177	313
43 2537 4808 5153 649	2590
430 160 479 256 55	173
431 45 617 1651 1176	492
433 67 555 1397 1343	422
437 145 606 1948 696	457
438 245 276 200 17	168
44 1558 790 314 22	400
441 40 307 1785 1189	281
442 124 321 449 45	157
443 99 883 1258 1088	344
444 274 458 146 39	141
446 213 447 184 47	118
447 131 680 1183 1324	462
448 269 395 244 76	197
449 254 1104 1848 435	507
45 1418 4083 6010 1090	2317
452 197 345 147 9	193
453 41 512 1929 1022	517
454 106 339 283 21	245
456 45 324 478 34	276
462 236 406 183 53	122
463 409 1312 1731 374	659
466 301 285 112 2	188
470 92 362 298 7	275
472 266 453 127 15	170
474 244 425 212 13	132
479 745 3407 11175 5795	2427
482 822 1678 2329 249	1457
483 152 1441 11375 7716	3503
484 484 1603 2989 401	1886
485 680 5420 7966 6559	2955
487 577 4668 9230 6142	3391
489 563 4298 8939 6693	3500
50 862 1426 1198 109	468
51 1157 4973 3802 1921	909
53 1147 4783 4303 1713	1092
54 1384 1530 468 65	183
58 1536 915 192 6	372
59 1330 5533 5556 931	2041
6 447 842 1610 134	489
60 1241 1213 378 24	501
61 472 3959 7085 1262	2330
62 879 1587 762 25	335
65 1302 5086 3859 1715	904
67 1199 4926 3984 1826	627
69 1173 4737 4030 1968	831
71 3735 6136 3754 369	3529
73 2785 6025 4545 491	3020
74 1715 928 234 6	322
75 1115 4749 6062 849	1801
77 341 3388 7746 1213	2172
8 185 752 2009 198	599
80 1589 1636 280 22	476
81 1305 5402 4501 1076	1600
86 8156 5124 2984 264	5842
88 7371 6246 4217 445	4218
89 3472 17304 43927 10214	27741
91 1493 11705 46372 13752	28657
94 7487 9780 3159 606	4869
97 6165 27393 27616 11258	21666
99 1124 2867 10688 5383	2068
