10 1238 1384 616 170	354
103 273 1360 11903 4943	3081
105 101 814 12165 5153	3750
107 1571 5980 6285 4519	1809
111 1479 5525 8742 2572	1998
115 784 2875 10096 5052	1300
116 997 1085 1228 196	515
118 862 990 1511 213	530
119 322 1504 9118 7071	1890
120 631 842 1811 431	604
122 831 1882 879 273	401
125 616 4452 6894 5831	1393
127 1728 4840 9606 3873	2727
128 1192 1054 694 85	457
129 689 3534 10277 4755	1693
13 1544 5001 5246 904	1557
130 1032 1287 1159 129	483
133 201 1446 9505 6699	1861
134 401 1121 1904 305	458
136 900 1840 822 200	282
137 670 4882 7568 4550	2281
139 714 4165 6721 5695	1367
14 1147 1432 725 64	345
141 2628 6183 9102 2538	3006
142 1636 864 389 30	360
144 1427 1071 646 59	522
145 664 3193 9800 4614	1440
147 389 2543 10031 4818	1375
153 1128 5026 5789 5534	1708
155 3009 7751 8210 1751	3628
156 1583 1028 267 9	360
159 558 4362 10340 4084	2345
16 1090 871 803 71	455
160 824 1566 924 59	347
162 318 1577 1587 109	816
164 1320 1578 500 104	195
165 1181 5738 5853 5264	1187
166 1221 1627 560 176	280
167 1157 5125 5689 5442	1654
17 779 2801 7139 2073	1461
172 1659 1079 292 14	395
173 1116 5534 9854 3086	2341
174 1261 1305 608 34	382
175 384 4114 11572 3270	3665
176 696 1648 1106 40	502
177 1639 7613 6349 3727	3623
18 1127 974 1063 110	524
181 848 6083 7221 3859	2385
182 1055 1819 703 74	364
184 8229 5459 3709 446	5293
187 3589 18878 62342 27632	22903
189 1561 12676 63652 31843	33012
190 2958 7335 10121 1345	4248
192 7008 10211 3752 988	3559
194 6262 10259 4739 1014	3692
197 528 1306 4277 2039	987
198 381 407 606 94	287
200 274 356 744 127	329
202 160 419 865 110	374
204 77 333 1048 132	635
207 537 2207 3224 1362	1171
209 524 2047 3630 1275	1086
21 346 1331 7043 3410	2980
215 247 926 4038 2306	914
216 322 435 744 139	328
219 300 2227 2546 2430	771
224 324 711 477 248	299
225 866 2055 3688 1548	1245
227 301 1541 4000 1791	987
228 416 616 603 63	209
229 235 1018 3843 2175	879
231 87 577 3560 2893	1823
235 269 1843 2701 2229	828
237 336 1564 2395 2520	783
238 426 687 411 143	191
24 826 1810 699 129	316
240 593 558 355 28	297
242 520 503 369 43	316
243 284 1329 3865 1922	738
245 140 1024 3751 2283	964
25 577 4633 5008 2076	1584
250 460 704 316 107	143
251 367 1768 2258 2665	656
252 430 710 362 137	131
253 1188 3353 3441 859	1792
254 666 626 207 20	348
255 537 2801 3767 1457	1232
256 430 703 329 26	151
258 287 658 511 73	239
260 111 670 800 88	466
261 477 2329 2307 2230	742
266 536 639 294 140	217
269 1245 3142 3535 856	1547
270 690 540 188 8	423
271 513 2444 4199 1179	1548
272 488 678 347 26	182
273 160 1586 4719 1414	1715
275 581 2878 2634 1612	1510
277 491 2307 2933 1749	1097
278 481 743 323 35	139
279 315 2282 2917 1746	1163
28 839 1603 780 210	297
280 427 745 356 65	156
281 5684 14038 22549 8495	18133
282 3481 3079 2373 321	3351
283 3354 11599 23314 10120	13715
285 1584 7907 24886 11390	15463
286 1961 3353 3784 502	2171
288 1198 3067 4695 713	2171
290 2838 4353 1928 607	3593
293 2258 11047 15858 13520	17070
294 2582 4177 2428 810	2782
299 135 777 10038 5386	2431
3 512 1815 7783 3084	2175
30 1240 983 569 26	423
301 68 544 10702 5820	2804
302 111 527 1983 283	699
303 919 4837 6149 5118	1605
307 809 4434 9239 3226	1875
308 700 1371 1030 134	417
311 423 1695 8218 5836	1105
313 298 1244 8405 6178	1098
314 554 803 1520 272	374
315 191 866 7568 7472	2720
317 483 4414 6393 5896	1204
318 569 1549 834 255	357
32 1111 1261 823 55	447
320 510 1475 970 325	408
322 467 1463 1022 430	520
323 890 3052 8773 4660	2064
326 573 933 1280 192	425
328 378 863 1565 243	428
33 441 2246 7611 2008	1430
331 461 3870 6614 5479	1369
333 431 3542 7419 5764	2082
334 585 1511 998 253	367
339 680 2466 8821 4976	1736
34 795 1199 1346 116	514
341 355 1810 8241 5867	1098
344 366 1027 1517 202	485
349 700 3718 5854 7148	1940
35 216 1498 7063 3200	2713
350 779 1429 793 271	308
351 1532 5476 7975 2420	2554
353 794 4075 8417 3897	2238
354 673 1121 567 47	620
355 308 2566 9067 5125	1749
356 416 1084 1044 89	647
358 148 988 1640 162	604
359 820 4478 5473 6070	1495
36 448 1094 1727 253	457
360 827 1456 577 168	338
363 678 3874 5615 6581	1411
366 1114 814 195 11	643
367 1548 5253 8021 2758	2874
368 894 934 376 20	626
369 644 3630 9159 3726	2014
37 786 4615 4617 2016	1162
372 339 1105 1181 56	775
373 921 5532 6154 4844	1218
376 732 1488 694 91	321
377 508 4591 7366 4801	1766
379 7053 21937 49487 24181	22733
380 4819 4795 4166 609	4218
381 4084 16520 50386 29892	21584
383 1945 11294 53426 32391	26556
385 984 7485 53669 37561	32642
39 692 4363 5250 1833	1738
392 4008 8524 5494 1514	4267
394 204 198 330 80	241
396 124 201 456 89	174
399 12 75 2188 1246	664
400 42 183 683 90	346
403 125 879 2002 603	440
405 121 849 2054 618	451
406 264 478 399 48	255
407 79 347 1895 1214	335
408 164 206 330 41	219
41 812 3938 4772 2494	1684
410 167 247 415 51	168
411 35 195 1840 1298	283
414 123 202 513 109	148
417 48 618 1428 1287	348
419 36 539 1497 1426	629
420 188 484 338 126	186
422 213 266 223 23	208
424 140 274 417 42	161
425 23 193 1798 1397	365
426 105 265 515 57	165
427 7 106 1565 1726	820
428 58 211 568 116	215
429 65 704 1503 1191	409
432 139 466 359 69	198
434 148 423 365 124	246
435 256 883 1848 582	411
436 305 250 101 6	234
439 48 402 1845 1096	313
440 181 295 329 31	175
445 108 804 1299 1123	280
450 258 273 83 7	181
451 130 871 1838 763	418
455 14 246 2066 1130	427
457 111 900 1209 1128	370
458 237 469 167 39	109
459 91 734 1252 1269	349
46 1444 1045 506 26	475
460 236 432 206 55	105
461 108 699 1204 1268	384
464 328 254 64 0	296
465 315 1110 1786 469	446
467 115 794 1966 701	467
468 219 338 160 7	170
469 42 561 2206 737	638
47 694 3131 6671 1533	1868
471 193 1222 1295 841	777
473 160 1016 1598 684	652
475 100 976 1604 714	631
476 183 517 168 18	191
477 1185 4433 11048 5008	2419
478 1472 1447 1131 157	747
48 1143 1276 870 57	456
480 1174 1628 1747 210	1112
481 291 2239 11491 6715	2839
486 1356 2788 1197 310	1761
488 1280 2667 1639 317	2013
49 369 2430 7187 1859	1694
490 1288 2703 1697 445	2239
5 223 1219 8837 2324	2787
52 1423 1599 448 85	179
55 1104 4429 4173 2279	1234
56 1240 1582 595 146	271
57 2656 6458 4534 358	3298
63 148 2244 8047 1578	2460
64 351 1689 1504 50	892
66 1478 1640 402 72	277
68 1334 1602 492 92	173
7 73 814 9286 2492	3745
70 1473 1499 447 57	307
72 1813 806 120 5	529
76 1295 1249 472 21	418
78 683 1625 1038 20	444
79 1624 6129 3429 1190	2886
82 1365 1593 469 42	203
83 919 5139 4609 1220	1473
84 1162 1679 586 42	343
85 12928 27511 34101 6792	32911
87 7673 23877 38012 9231	23258
9 1400 4953 4013 2092	1092
90 5436 7096 6409 503	4782
92 3214 7443 9064 901	3589
93 6967 30926 24253 10975	23407
95 6372 29294 28129 9326	22355
96 7020 9660 3757 481	4088
98 6910 9390 4005 711	3705
